cam_model: ATAN
cam_width: 2080
cam_height: 1552
cam_fx: 0.710223
cam_fy: 0.953315 
cam_cx: 0.510352
cam_cy: 0.495508 
cam_d0: 0.917229 
  
